dom_node_Y={
	location=1585
	outgoing={
		name="dom_node_V"
		path={
			1519 1412 1449 1510 1625 1672 1727 1690 1766 1767 1736
		}
		control={
			
		}
	}
	outgoing={
		name="dom_node_N"
		path={
			5537 5566
		}
		control={
			
		}
	}
	members={
		1585 1633 1662 1647 1487 1431 1416 1327 1345 1365 1341 1412 1439 1493 1518 1519 1634 1785 1817 1833 1756 1748 1797 1589 1700 1687 1739 1676 1734 1717 1776 1699 1760 1746 1866 1887 1968 1999 2077 2016 1989 1927 1895 1947 1830 1803 1868 1798 1928 1971 1992 1913 1877 1950 1977
	}
}

dom_node_X={
	location=700
	outgoing={
		name="dom_node_W"
		path={
			720 757 836 
		}
		control={
			
		}
	}
	members={
		700 929 605 602 796 766 716 646 696 634 467 496 443 451 490 419 437 788 720 656 563 518 468 447 404 374 297 850 895 879 974 983 971 1031 1109 1148 1183 1237 1211 598 641 1224 1276
	}
}

dom_node_W={
	location=832
	outgoing={
		name="dom_node_V"
		path={
			5520 5531 
		}
		control={
			
		}
	}
	members={
		832 701 771 875 757 836 869 975 924 1032 1320 1413 1314 1315 1386 1449 1065 1135 1190 1253 999 1084 1090 1171 1234 1142 1230 1307
	}
}

dom_node_V={
	location=1736
	outgoing={
		name="dom_node_A"
		path={
			5531 5536 5546 5540 
		}
		control={
			
		}
	}
	members={
		1838 1872 1912 1957 1736 1767 1788 1818 1839 1490 1581 1625 1626 1663 1669 1690 1701 1510 1534 1622 1766 1811 1834 1835 1480 1520 1705 1780 1823 1672 1727 1730 1777 1783 1889 1951 1883 1902 1844 1863 1904 1948 1878 1923 1926 1985 1993
	}
}

dom_node_U={
	location=108
	end=yes
	members={
		223 239 278 316 43 51 135 18 22 37 97 7 31 88 35 66 108 117 165 111 118 163 206 148 209 228 234 242 162 208 247 296 
	}
}

dom_node_T={
	location=362
	outgoing={
		name="dom_node_R"
		path={
			5520 606 690 665 733
		}
		control={
			
		}
	}
	members={
		362 411 391 439 463 427 356 342 414 484 452 420 375 392 348 281 276 210 188 79 26 44 63 125 181 248 235 279 300 328 214 332 431 426 494 483 554 575 558 618 307 403 491 310 
	}
}

dom_node_S={
	location=520
	outgoing={
		name="dom_node_Q"
		path={
			533 512 485 578 572 662 675 
		}
		control={
			
		}
	}
	members={
		520 533 515 534 492 393 438 333 167 257 363 301 179 71 21 24 68 94 166 144 202 236 215 270 55 90 156 192 336 422 
	}
}

dom_node_R={
	location=733
	outgoing={
		name="dom_node_M"
		path={
			841 853 907 839 887 937 1027 991 1076
		}
		control={
			
		}
	}
	members={
		733 736 682 599 592 647 594 545 564 665 607 606 690 742 772 877 876 805 843 863 952 990 981 984 1096 1085 943 880 841 510 473 
	}
}

dom_node_Q={
	location=675
	outgoing={
		name="dom_node_M"
		path={
			5516 1076
		}
		control={
			
		}
	}
	members={
		675 721 737 717 747 659 581 512 485 428 385 329 288 319 236 237 200 207 271 272 326 372 662 635 578 507 572 697 642 595 540 464 405 371 282 351 423 412 455 469 475 535
	}
}

dom_node_P={
	location=448
	outgoing={
		name="dom_node_M"
		path={
			5516 1076
		}
		control={
			
		}
	}
	outgoing={
		name="dom_node_L"
		path={
			5516 5536
		}
		control={
			
		}
	}
	members={
		407 449 460 493 555 211 222 277 280 325 339 29 38 109 128 293 357 384 398 448 476 526 567 639 82 91 120 149 189 218 240 258 292 311 783 834 888 908 610 684 743 121 130 152 182 197 722 789 812 833 864 180 232 250 265 322 349
	}
}

dom_node_O={
	location=754
	outgoing={
		name="dom_node_C"
		path={
			813 925 933 1086 1000 1173 1232 1311 1382 1483 1552 1553
		}
		control={
			
		}
	}
	members={
		486 541 542 582 586 528 589 596 651 652 461 478 487 527 536 551 579 636 666 728 780 792 712 754 801 865 870 925 982 854 914 921 995 1118 809 824 902 909 946 992 1011 1077 708 774 793 813 855 259 334 386 433 434 643 650 724 767 1155 1114 1056 1110 1066 933 851 967 881 897 413 537 459 611 622 705 704 802 559 627 608 718 898 866 376 380 424 429 673 
	}
}

dom_node_N={
	location=5566
	outgoing={
		name="dom_node_D"
		path={
			5553 5555
		}
		control={
			
		}
	}
	outgoing={
		name="dom_node_A"
		path={
			5553 5555 5546 5540
		}
		control={
			
		}
	}
	members={
		2413 2311 2375 2382 2417 2458 2296 2334 2338 2367 2387 2421 2423 2329 2351 2390 2398 2324 2328 2329 2351 2370 2376 2138 2212 2247 2264 2191 2223 2231 2276 2100 2105 2106 2147 2107 2131 2160 2110 2124 2142 2179 2202 2213 2060 2109 2114 2170 2186 2019 2047 2120 2121 1978 2010 2063 2067 2008 2023 2064 2083 2006 2052 2020 2080 2021 2048 1990 2039 1996
	}
}

dom_node_M={
	location=1076
	outgoing={
		name="dom_node_L"
		path={
			5516 5536
		}
		control={
			
		}
	}
	outgoing={
		name="dom_node_A"
		path={
			5516 5536 5546 5540 
		}
		control={
			
		}
	}
	members={
		1130 1186 1202 1231 1262 738 782 847 887 896 937 1091 1126 1127 1191 1219 1446 1469 1476 1523 1545 1172 1205 1225 1281 1346 808 839 853 907 957 953 1033 1034 1080 1113 991 1027 1076 1102 1136 1164 1189 1197 1249 1290 1323 1285 1302 1358 1373 936 985 1013 1050 
	}
}

dom_node_L={
	location=1542
	outgoing={
		name="dom_node_A"
		path={
			5536 5546 5540
		}
		control={
			
		}
	}
	members={
		1336 1392 1470 1527 1594 1601 1627 1656 1708 1726 1157 1226 1244 1306 1355 1370 1004 1093 1132 1154 958 962 1023 1059 1131 1542 1607 1650 1665 1206 1220 1277 1309 1350 1697 1714 1742 1763 1773 1405 1427 1435 1491 1496 1426 1535 1579 1440 1460 1507 1551 
	}
}

dom_node_K={
	location=5539
	outgoing={
		name="dom_node_A"
		path={
			1422 5540 
		}
		control={
			
		}
	}
	outgoing={
		name="dom_node_J"
		path={
			1461 1409 1348 1353 1317 1271 1251 1250 1158 1199 
		}
		control={
			
		}
	}
	members={
		1115 1184 1194 1272 1279 1061 1062 1111 1123 1038 1058 1138 1258 1317 1367 1466 1484 1546 1557 1608 1216 1236 1254 1296 1348 1353 1409 1423 1437 1461 1498 1503 1559 1326 1359 1368 1433 1374 1380 1424 1441 1499 1504 1558 1600 1623 1632 1660 1711 1720 1800 1853 1879 1910 1564 1616 1664 1572 1586 1617 1619 1673 1374 1380 1424 1441 1499 
	}
}

dom_node_J={
	location=1137
	outgoing={
		name="dom_node_A"
		path={
			837 1422 5540
		}
		control={
			
		}
	}
	members={
		790 893 899 963 762 954 1025 1078 1120 1137 988 1067 1158 1168 1199 785 845 905 934 1294 1295 1402 1457 1250 1251 1278 1325 1331 894 947 1037 1395 1396 1463 1473 1478 1538 1539 1549 1582 1597 1612 1361 1271 1014 1021 1039 1098 1128 1159 
	}
}

dom_node_I={
	location=613
	outgoing={
		name="dom_node_I"
		path={
			583 471 470 457 436 394 
		}
		control={
			
		}
	}
	members={
		944 926 994 1028 1008 1075 915 906 873 831 769 775 654 786 631 624 613 500 509 446 583 504 471 444 406 417 340 368 421 388 331 284 283 145 369 344 274 233 269 154 123 212 106 36 146 138 48 46 12 13 8 846 964
	}
}

dom_node_H={
	location=415
	outgoing={
		name="dom_node_A"
		path={
			837 1422 5540
		}
		control={
			
		}
	}
	members={
		619 688 723 763 795 797 630 523 470 416 373 314 217 122 92 64 39 23 89 190 245 213 226 273 285 318 101 177 226 227 168 151 198 216 354 338 709 680 628 580 616 543 550 466 503 457 436 394 379 39 64 883
	}
}

dom_node_G={
	location=241
	outgoing={
		name="dom_node_E"
		path={
			358 378 498 5652 
		}
		control={
			
		}
	}
	outgoing={
		name="dom_node_F"
		path={
			266 224 267 260 337 435 489 539 600
		}
		control={
			
		} 
	}
	members={
		323 399 462 590 644 529 408 365 453 289 170 243 80 249 312 400 401 241 358 266 160 104 137 72 132 249 244 85 201 317 150 224 359 267 172 335 260
	}
}

dom_node_F={
	location=591 
	outgoing={
		name="dom_node_B"
		path={
			837 1422 5540
		}
		control={
			
		}
	}
	outgoing={
		name="dom_node_A"
		path={
			837 1422 5540
		}
		control={
			
		}
	}
	members={
		748 679 670 573 600 648 591 539 522 489 465 435 456 482 872 889 840 546 516 350 337 313 352 303 251 252 294 343 298 353 387 298 330 320 253 254 773 768 685 623 521 268 219 129 105 238 114 171 203 194 225 183 185 86 153 115 28 69 86 41 14 402
	}
}

dom_node_E={
	location=904
	outgoing={
		name="dom_node_B"
		path={
			1001 1122 1245 1299 1366 1456 1512 1596
		}
		control={
			
		}
	}
	members={
		904 903 848 755 707 806 882 960 867 922 959 1001 993 910 810 871 844 784 726 739 691 676 615 657 603 612 549 565 497 917 440 488 538 498 378 409 501 502 396 499 382 508 445 556 566 653 674 669 692 725 677 706 794 820 758 820 814 825 
	}
}

dom_node_D={
	location=2234
	outgoing={
		name="dom_node_A"
		path={
			5555 5546 5540 
		}
		control={
			
		}
	}
	members={
		2234 2271 2287 2249 2251 2312 2289 2317 2345 2396 2374 2336 2418 2371 2429 2452 2483 2342 2383 2426 2401 2441 2307 2344 2346 2405 2431 
	}
}

dom_node_C={
	location=1553
	outgoing={
		name="dom_node_A"
		path={
			5540 2001 
		}
		control={
			
		}
	}
	members={
		1553 1591 1595 1552 1472 1383 1387 1428 1321 1303 1266 1324 1239 1193 1143 1165 1286 1173 1232 1213 1311 1337 1382 1483 1414 1497 1537 1556 1618 1592 1636 1221 1174 1097 1092 979 1020 1044 1081 1103 1150 1192 1264 1265 1310 1481 1511 1536 1602 1419 1372 1263 1198 1477 1443 1342 1086 1000 976 1212 1238 1282 1347 1393 1471 1501 1524 1563 1570 1308 1360 1394 
	}
}

dom_node_B={
	location=1657
	outgoing={
		name="dom_node_A"
		path={
			5540 2001 
		}
		control={
			
		}
	}
	members={
		1657 1644 1596 1543 1571 1512 1495 1528 1421 1456 1351 1366 1352 1291 1235 1207 1245 1299 1284 1222 1144 1185 1267 1240 1316 1417 1180 1105 1133 1024 986 1036 1436 1151 1035 1104 1122 1152 1045 1060 1005 1246 1312 1356 1432 1406 938 919 987 968 939 911 977 1017 1047 1057 1046 1166 1167 1175 1145 1242 1268 1328 892
	}
}

dom_node_A={
	location=2001
	end=yes
	members={
		2001 2071 2012 1981 2085 2118 2148 2183 2122 2132 2154 2165 2236 2205 2181 2235 2180 2267 2272 2353 2308 2240 2214 2164 2130 2084 2011 2101 1972 1952 1997 2070 2030 2042 2044 1994 1980 1915 1882 1840 1874 1845 1864 1936 1931 1884 1907 1860 1812 1846 1809 
	}
}

